0         0       163
0         3       106
0         9       206
0        10       180
0        11       204
0        14       168
0         5       157
0         1        28
0         8        63
0        15        48
0         6        20
0         7        21
0         4        27
0        13        32
0        12         6
0         2        31
1         0       134
1         3       112
1         9       136
1        10       106
1        11       131
1        14       148
1         5       118
1         1        58
1         8        73
1        15        82
1         6        15
1         7        29
1         4        28
1        13        48
1         2        18
1        12         3
2         1        84
2         3       164
2         5       207
2         7        57
2         9       238
2         0       162
2         8        87
2        14       165
2        15       110
2        10       162
2        11       210
2         4        78
2         6        36
2        13        73
2        12         7
2         2        31
3         1        98
3         3       185
3         5       144
3         7        66
3         9       191
3         0       160
3         8        95
3        14       187
3        15       104
3        10       137
3        11       151
3         4        30
3         6        15
3        13        63
3        12         8
3         2        20
5         1         2
5         3         5
5         5        20
5         7         4
5         9        20
5         4        13
5        11        15
5        13        14
5        15         9
5         0         4
5        10         6
5        14         5
5         2         2
5         8         3
5         6         2
6         8        60
6         5        42
6        14        82
6         0        67
6         1        47
6         3        85
6        15        51
6         2         6
6         9        38
6        10        53
6        11        35
6         7         8
6         4        22
6        13        10
6         6        20
6        12         5
7         5        14
7         4         8
7         9        19
7        11        13
7        13        29
7        15        28
7        14        23
7         3        27
7         7        15
7         0        11
7        10        15
7         8         8
7         1        10
7         6         2
7         2         1
7        12         2
8         2        43
8         5       114
8         8        50
8         9       136
8        10       102
8        11       125
8         1        13
8         3        50
8         7        28
8         4        32
8        13        31
8        15        26
8         0        49
8        14        49
8         6        12
8        12        10
9         0       110
9         3        57
9         9       181
9        10       147
9        11       183
9        14       116
9         5       159
9         1        17
9         8        70
9        15        44
9         6        15
9         7        17
9         4        26
9        13        36
9         2        52
9        12         2
10         1         7
10         3        43
10         5        80
10         7        10
10         9        87
10         0        37
10        10        91
10        11        86
10        14        36
10         4        29
10         6        22
10         8        43
10        15        14
10        13        12
10        12         5
10         2        37
11         1        89
11         3       165
11         5       223
11         7        59
11         9       251
11         0       169
11         8        94
11        14       183
11        15       131
11        10       161
11        11       221
11         4        77
11         6        25
11        13        91
11        12        12
11         2        32
12         1        35
12         3        52
12         5        56
12         7        37
12         9        70
12         0        24
12         8        17
12        14        36
12        15        38
12        10        29
12        11        39
12         4        16
12         6         3
12        13        36
12        12         2
12         2         6
13         0        97
13         3        94
13         9       126
13        10       106
13        11       114
13        14       117
13         5        89
13         1        29
13         8        45
13        15        54
13         6        11
13         7        28
13         4        22
13        13        48
13        12         6
13         2        15
14         0        64
14         3        53
14         9       167
14        10       117
14        11       161
14        14        74
14         5       165
14        15        61
14         4        58
14         6        15
14         2        50
14         8        71
14        12        10
14         1        17
14         7        20
14        13        58
15         0         3
15         3         4
15         9         4
15        10         9
15        11         4
15        14         4
15         5         3
15        15         7
15         4         2
15         6         1
15         2         1
15         8         2
15        12         1
15        13         2
15         1         1
16         1        32
16         3        49
16         5        83
16         7        38
16         9        82
16         4        16
16        11        67
16        13        23
16        15        18
16         0        45
16        10        35
16        14        31
16         2         9
16         8        16
16         6        19
16        12         1
