0	1	0	5
0	3	0	5
0	5	0	10
0	7	0	10
0	9	0	10
1	5	0	2
1	4	8	10
1	9	0	10
1	11	0	10
1	13	0	10
1	15	0	10
2	0	0	10
2	3	6	10
2	9	0	10
2	10	0	2
2	11	0	10
2	14	0	10
3	0	0	10
3	5	8	10
3	9	0	10
3	10	0	10
3	11	0	10
3	14	0	10
5	10	0	10
5	15	0	3
6	7	0	10
6	9	0	10
6	11	6	10
7	8	0	10
7	5	0	10
7	14	0	10
8	13	0	10
8	14	7	10
8	15	0	10
9	3	0	10
9	4	3	4
9	6	0	10
9	10	0	10
10	9	0	10
10	13	0	10
11	0	0	10
11	1	7	10
11	3	0	10
11	8	0	10
11	14	0	10
11	15	0	10
12	0	0	10
12	5	5	10
12	6	0	10
12	11	0	10
13	2	3	8
13	5	0	10
13	8	0	10
13	9	0	10
13	10	5	6
13	11	0	10
14	3	0	10
14	7	0	10
14	13	0	10
15	4	0	10
15	5	0	10
