0 0 176 0.4
1 0 9 0.7
2 1 8 0.8
3 1 176 0.6
4 1 114 0.4
5 1 116 0.6
6 1 175 0.7
7 2 76 0.3
8 2 77 1
9 3 4 0.2
10 3 77 0.3
11 4 6 0.8
12 4 135 0.1
13 5 131 1
14 5 6 0.4
15 6 7 0.7
16 7 8 0.1
17 7 174 0.7
18 8 194 0.3
19 8 9 0.7
20 8 191 0.2
21 10 11 0.9
22 10 13 0.8
23 11 16 1
24 12 32 0.3
25 12 13 0.1
26 12 30 0.3
27 13 16 0.4
28 13 15 0.8
29 14 64 0.6
30 14 129 1
31 14 15 0.3
32 16 17 0.3
33 18 19 0.9
34 18 30 1
35 19 89 0.8
36 19 68 0.4
37 19 82 0.7
38 20 21 0.2
39 20 23 0.3
40 21 26 1
41 22 188 0.4
42 22 23 0.2
43 24 27 1
44 25 171 0.5
45 25 55 0.8
46 26 27 0.9
47 26 28 0.5
48 26 29 0.6
49 28 51 0.1
50 28 54 0.4
51 29 78 0.7
52 30 35 0.2
53 31 37 0.1
54 32 33 0.7
55 32 37 0.4
56 34 37 0.3
57 35 37 0.1
58 36 38 0.7
59 36 39 0.2
60 37 160 0.6
61 37 38 0.6
62 38 196 0.5
63 39 181 0.8
64 40 41 0.7
65 40 42 0.6
66 41 43 0.7
67 41 189 1
68 42 43 0.4
69 42 143 0.8
70 42 143 0.5
71 44 45 0.6
72 44 47 0.3
73 45 48 0.6
74 45 164 0.5
75 46 49 0.8
76 46 47 0.5
77 48 155 0.5
78 48 181 0.4
79 49 177 0.1
80 49 147 0.8
81 49 165 0.9
82 50 57 0.7
83 50 51 0.9
84 51 188 0.9
85 52 53 0.5
86 52 55 0.4
87 53 58 0.2
88 54 55 0.5
89 56 57 1
90 56 59 0.3
91 58 59 0.1
92 60 61 0.7
93 60 69 0.9
94 61 128 1
95 61 122 0.3
96 62 144 0.7
97 62 86 0.7
98 62 63 0.5
99 63 68 1
100 63 149 0.6
101 64 65 0.1
102 64 67 0.5
103 64 68 0.9
104 65 66 0.8
105 66 67 0.2
106 67 69 0.8
107 69 144 0.3
108 70 79 0.8
109 70 183 0.3
110 71 72 0.3
111 71 79 0.7
112 72 73 0.2
113 73 74 0.1
114 74 183 0.7
115 75 173 0.2
116 75 183 0.6
117 76 173 1
118 77 152 0.5
119 77 162 1
120 77 133 0.1
121 78 94 1
122 78 79 0.2
123 80 81 0.8
124 80 81 0.8
125 80 86 0.2
126 80 87 0.2
127 82 88 0.6
128 82 83 1
129 82 150 0.8
130 83 148 0.8
131 84 148 0.7
132 84 85 0.8
133 86 87 0.4
134 87 88 0.7
135 89 150 0.6
136 90 172 0.7
137 91 99 0.4
138 91 92 1
139 92 96 0.5
140 92 93 0.9
141 92 183 0.2
142 94 171 0.3
143 95 96 1
144 95 171 0.4
145 96 97 1
146 97 172 0.1
147 98 194 0.9
148 98 131 0.9
149 99 100 0.6
150 100 132 0.1
151 101 104 1
152 101 180 0.7
153 101 102 0.4
154 102 109 0.9
155 103 104 0.6
156 103 106 0.7
157 105 106 0.2
158 105 107 0.2
159 105 179 0.6
160 107 108 1
161 107 129 0.9
162 108 179 0.5
163 109 110 0.9
164 110 128 0.2
165 111 112 0.1
166 111 140 0.4
167 112 137 0.1
168 113 114 0.5
169 113 191 0.5
170 115 116 0.5
171 115 118 0.5
172 117 120 0.8
173 117 118 0.7
174 119 176 0.4
175 119 175 0.2
176 120 175 0.8
177 121 122 0.6
178 121 124 1
179 123 124 0.7
180 123 125 0.3
181 123 126 0.2
182 127 128 0.8
183 127 130 0.9
184 129 130 0.6
185 131 142 0.8
186 132 135 0.5
187 133 173 0.2
188 134 137 0.9
189 134 138 0.6
190 134 135 1
191 136 139 0.8
192 137 172 0.6
193 138 174 0.4
194 138 141 0.9
195 139 174 0.9
196 140 141 0.4
197 142 143 0.2
198 143 185 0.9
199 144 149 1
200 145 157 0.7
201 146 152 0.5
202 146 154 0.4
203 147 166 0.4
204 147 177 0.4
205 148 154 0.9
206 149 150 0.7
207 151 152 0.1
208 152 153 0.5
209 153 160 0.9
210 153 154 0.9
211 154 159 0.9
212 154 183 1
213 155 195 0.8
214 155 156 0.8
215 155 165 0.7
216 156 157 0.5
217 157 158 0.4
218 158 183 0.1
219 158 196 0.4
220 158 165 0.1
221 161 162 1
222 162 163 0.3
223 162 167 0.6
224 163 187 0.5
225 163 164 0.1
226 165 177 0.6
227 165 181 1
228 165 184 0.5
229 165 186 0.7
230 166 170 1
231 166 183 0.3
232 167 168 0.3
233 168 169 0.5
234 169 185 0.8
235 178 179 0.8
236 181 196 0.6
237 182 189 0.5
238 183 184 0.9
239 183 186 0.2
240 186 187 0.3
241 190 191 0.9
242 192 193 1
243 193 194 0.4
244 195 196 0.7
