0 0 14 0.4
1 1 17 0.7
2 2 128 0.8
3 2 3 0.6
4 3 125 0.4
5 4 16 0.6
6 4 5 0.7
7 5 6 0.3
8 6 7 1
9 7 8 0.2
10 8 9 0.3
11 9 14 0.8
12 10 16 0.1
13 10 46 1
14 11 98 0.4
15 11 100 0.7
16 11 95 0.1
17 12 117 0.7
18 13 147 0.3
19 14 94 0.7
20 15 131 0.2
21 15 125 0.9
22 16 95 0.8
23 17 132 1
24 17 94 0.3
25 18 41 0.1
26 18 103 0.3
27 19 59 0.4
28 19 142 0.8
29 20 80 0.6
30 20 133 1
31 20 134 0.3
32 20 141 0.3
33 20 144 0.9
34 20 81 1
35 21 26 0.8
36 21 23 0.4
37 22 142 0.7
38 22 23 0.2
39 24 81 0.3
40 24 27 1
41 24 25 0.4
42 25 89 0.2
43 25 50 1
44 26 27 0.5
45 27 144 0.8
46 28 142 0.9
47 28 54 0.5
48 29 51 0.6
49 29 139 0.1
50 29 142 0.4
51 30 126 0.7
52 31 72 0.2
53 31 62 0.1
54 32 129 0.7
55 32 35 0.4
56 33 129 0.3
57 33 61 0.1
58 34 72 0.7
59 34 73 0.2
60 35 73 0.6
61 36 75 0.6
62 36 39 0.5
63 37 122 0.8
64 37 75 0.7
65 38 76 0.6
66 38 77 0.7
67 39 70 1
68 40 64 0.4
69 40 65 0.8
70 40 66 0.5
71 40 63 0.6
72 41 98 0.3
73 41 101 0.6
74 41 104 0.5
75 41 105 0.8
76 41 106 0.5
77 41 44 0.5
78 41 47 0.4
79 42 43 0.1
80 42 148 0.8
81 43 137 0.9
82 44 48 0.7
83 44 45 0.9
84 45 48 0.9
85 45 128 0.5
86 49 128 0.4
87 49 127 0.2
88 50 57 0.5
89 51 117 1
90 51 140 0.3
91 51 87 0.1
92 52 143 0.7
93 52 53 0.9
94 52 55 1
95 53 58 0.3
96 54 55 0.7
97 56 57 0.7
98 56 59 0.5
99 58 142 1
100 58 117 0.6
101 60 130 0.1
102 61 130 0.5
103 61 62 0.9
104 62 131 0.8
105 64 65 0.2
106 64 126 0.8
107 66 102 0.3
108 67 107 0.8
109 67 102 0.3
110 68 130 0.3
111 68 83 0.7
112 69 130 0.2
113 70 120 0.1
114 70 125 0.7
115 70 118 0.2
116 70 77 0.6
117 71 88 1
118 71 129 0.5
119 72 123 1
120 74 112 0.1
121 74 145 1
122 76 122 0.2
123 77 116 0.8
124 78 129 0.8
125 78 85 0.2
126 79 80 0.2
127 79 81 0.6
128 79 86 1
129 81 82 0.8
130 82 85 0.8
131 83 130 0.7
132 83 84 0.8
133 84 130 0.4
134 86 129 0.7
135 87 112 0.6
136 87 145 0.7
137 87 117 0.4
138 88 89 1
139 90 140 0.5
140 90 111 0.9
141 91 92 0.2
142 91 109 0.3
143 92 94 1
144 93 96 0.4
145 93 100 1
146 93 94 0.1
147 94 99 0.9
148 95 96 0.9
149 97 100 0.6
150 97 103 0.1
151 99 103 1
152 101 102 0.7
153 103 106 0.4
154 105 108 0.9
155 107 108 0.6
156 107 110 0.7
157 109 110 0.2
158 110 121 0.2
159 111 112 0.6
160 112 145 1
161 112 135 0.9
162 113 120 0.5
163 113 116 0.9
164 114 120 0.2
165 114 130 0.1
166 114 115 0.4
167 115 116 0.1
168 116 121 0.5
169 118 119 0.5
170 119 120 0.5
171 120 130 0.5
172 123 131 0.8
173 123 124 0.7
174 124 131 0.4
175 124 141 0.2
176 125 132 0.8
177 125 131 0.6
178 126 127 1
179 130 131 0.7
180 133 148 0.3
181 133 141 0.2
182 134 141 0.8
183 135 136 0.9
184 135 146 0.6
185 136 147 0.8
186 137 138 0.5
187 138 140 0.2
188 139 144 0.9
189 140 144 0.6
190 144 148 1
191 145 146 0.8
192 146 147 0.6
