0 0 35 0.4
1 0 103 0.7
2 1 65 0.8
3 1 39 0.6
4 2 3 0.4
5 2 101 0.6
6 2 55 0.7
7 3 49 0.3
8 3 101 1
9 4 48 0.2
10 4 5 0.3
11 5 33 0.8
12 6 33 0.1
13 6 19 1
14 7 64 0.4
15 7 8 0.7
16 7 18 0.1
17 7 19 0.7
18 8 64 0.3
19 8 9 0.7
20 9 39 0.2
21 10 37 0.9
22 10 17 0.8
23 10 82 1
24 10 83 0.3
25 10 22 0.1
26 10 22 0.3
27 10 31 0.4
28 11 72 0.8
29 11 72 0.6
30 11 73 1
31 11 106 0.3
32 11 21 0.3
33 12 27 0.9
34 12 26 1
35 12 19 0.8
36 12 19 0.4
37 12 52 0.7
38 13 104 0.2
39 13 105 0.3
40 13 61 1
41 14 44 0.4
42 14 15 0.2
43 15 44 1
44 16 24 0.5
45 16 89 0.8
46 16 27 0.9
47 16 72 0.5
48 16 56 0.6
49 17 17 0.1
50 17 23 0.4
51 18 26 0.7
52 18 27 0.2
53 18 47 0.1
54 18 47 0.7
55 20 72 0.4
56 20 31 0.3
57 21 46 0.1
58 23 31 0.7
59 24 27 0.2
60 25 52 0.6
61 25 28 0.6
62 28 29 0.5
63 29 77 0.8
64 30 100 0.7
65 30 99 0.6
66 30 84 0.7
67 30 85 1
68 32 33 0.4
69 32 74 0.8
70 32 43 0.5
71 32 66 0.6
72 33 45 0.3
73 34 104 0.6
74 34 46 0.5
75 34 46 0.8
76 34 102 0.5
77 35 75 0.5
78 35 53 0.4
79 36 75 0.1
80 36 53 0.8
81 36 39 0.9
82 37 58 0.7
83 37 61 0.9
84 38 48 0.9
85 38 48 0.5
86 38 49 0.4
87 38 52 0.2
88 38 54 0.5
89 38 54 1
90 40 80 0.3
91 40 41 0.1
92 40 68 0.7
93 40 81 0.9
94 40 71 1
95 41 68 0.3
96 41 62 0.7
97 41 62 0.7
98 41 71 0.5
99 42 43 1
100 42 68 0.6
101 42 109 0.1
102 42 79 0.5
103 43 69 0.9
104 43 78 0.8
105 43 79 0.2
106 43 81 0.8
107 44 60 0.3
108 44 53 0.8
109 45 64 0.3
110 45 74 0.3
111 45 67 0.7
112 46 47 0.2
113 47 73 0.1
114 48 49 0.7
115 49 70 0.2
116 50 57 0.6
117 50 51 1
118 50 93 0.5
119 50 95 1
120 51 88 0.1
121 51 89 1
122 51 93 0.2
123 53 59 0.8
124 54 55 0.8
125 54 55 0.2
126 55 92 0.2
127 56 57 0.6
128 56 57 1
129 56 77 0.8
130 57 96 0.8
131 57 92 0.7
132 57 97 0.8
133 58 107 0.4
134 59 60 0.7
135 63 98 0.6
136 63 84 0.7
137 63 70 0.4
138 63 71 1
139 65 67 0.5
140 66 109 0.9
141 69 109 0.2
142 73 73 0.3
143 76 88 1
144 76 87 0.4
145 78 80 1
146 82 83 0.1
147 84 101 0.9
148 85 90 0.9
149 86 94 0.6
150 86 95 0.1
151 87 94 1
152 90 91 0.7
153 91 101 0.4
154 94 108 0.9
155 102 103 0.6
156 105 106 0.7
157 106 107 0.2
