0 0 8 0.4
1 0 10 0.7
2 1 91 0.8
3 1 126 0.6
5 2 3 0.6
6 2 5 0.7
7 3 49 0.3
8 4 5 1
9 5 8 0.2
10 5 6 0.3
11 6 7 0.8
12 7 9 0.1
13 9 18 1
14 9 19 0.4
15 10 13 0.7
16 11 16 0.1
17 11 17 0.7
18 11 12 0.3
19 11 31 0.7
20 12 13 0.2
21 12 30 0.9
22 14 35 0.8
23 14 30 1
24 15 18 0.3
25 15 19 0.1
26 15 71 0.3
27 16 17 0.4
28 19 119 0.8
29 20 26 0.6
30 20 52 1
31 20 21 0.3
32 21 25 0.3
33 22 29 0.9
34 22 37 1
35 22 23 0.8
36 23 25 0.4
37 23 54 0.7
38 24 25 0.2
39 24 27 0.3
40 24 76 1
41 25 84 0.4
42 25 29 0.2
43 26 81 1
44 27 81 0.5
45 28 37 0.8
46 31 34 0.9
47 32 129 0.5
48 32 130 0.6
49 32 131 0.1
50 32 117 0.4
51 33 117 0.7
52 33 38 0.2
53 34 60 0.1
54 35 68 0.7
55 36 37 0.4
56 36 39 0.3
57 37 74 0.1
58 37 118 0.7
59 38 39 0.2
60 40 41 0.6
61 40 142 0.6
62 40 47 0.5
63 41 46 0.8
64 42 108 0.7
65 43 139 0.6
66 43 108 0.7
67 44 46 1
68 45 48 0.4
69 45 124 0.8
70 46 128 0.5
72 46 47 0.3
73 46 123 0.6
74 46 124 0.5
75 47 107 0.8
76 48 49 0.5
77 50 58 0.5
78 51 136 0.4
79 51 58 0.1
80 52 132 0.8
81 52 133 0.9
82 52 70 0.7
84 52 53 0.9
85 52 55 0.5
86 53 58 0.4
87 54 118 0.2
88 54 70 0.5
89 55 74 1
90 56 57 0.3
92 56 59 0.7
94 56 79 1
95 57 81 0.3
96 58 59 0.7
98 60 61 0.5
99 60 69 1
100 60 71 0.6
101 61 62 0.1
102 62 64 0.5
103 62 63 0.9
104 63 80 0.8
105 64 65 0.2
106 65 98 0.8
107 66 98 0.3
108 67 98 0.8
109 67 87 0.3
110 68 69 0.3
111 69 79 0.7
112 70 118 0.2
113 71 72 0.1
114 71 95 0.7
115 72 73 0.2
116 73 120 0.6
117 73 96 1
118 75 97 0.5
119 75 82 1
120 76 97 0.1
121 76 99 1
122 76 77 0.2
123 77 102 0.8
124 77 78 0.8
125 78 84 0.2
126 78 85 0.2
127 80 81 0.6
128 81 82 1
129 83 141 0.8
130 83 86 0.8
131 84 85 0.7
132 86 107 0.8
133 87 88 0.4
134 87 95 0.7
135 88 93 0.6
136 88 94 0.7
137 88 95 0.4
138 89 90 1
139 89 92 0.5
140 90 91 0.9
141 91 92 0.2
142 91 94 0.3
143 91 105 1
144 93 120 0.4
145 94 126 1
146 95 96 0.1
147 95 120 0.9
148 97 98 0.9
149 98 100 0.6
150 98 104 0.1
151 99 100 1
152 99 102 0.7
153 101 104 0.4
154 101 102 0.9
155 103 104 0.6
156 103 106 0.7
157 105 106 0.2
158 108 141 0.2
159 109 116 0.6
160 109 110 1
161 110 112 0.9
162 110 111 0.5
164 112 117 0.2
165 113 144 0.1
166 113 129 0.4
167 113 114 0.1
168 113 115 0.5
169 114 115 0.5
170 115 116 0.5
171 119 120 0.5
172 119 122 0.8
173 120 125 0.7
174 121 128 0.4
175 122 123 0.2
176 125 127 0.8
177 126 128 0.6
178 126 127 1
179 127 128 0.7
180 129 130 0.3
181 129 144 0.2
182 129 143 0.8
183 130 134 0.9
184 131 132 0.6
185 133 136 0.8
186 134 135 0.5
187 135 136 0.2
188 137 138 0.9
189 137 139 0.6
190 138 140 1
191 140 141 0.8
192 141 142 0.6
