976
45
428
83
688
0
192
516
341
878
775
148
357
574
432
869
288
88
476
652
116
841
927
110
307
770
98
273
875
74
912
23
570
928
857
808
587
305
280
47
795
230
226
144
196
456
31
248
317
79
547
809
867
348
576
332
856
112
826
454
904
509
382
375
906
921
545
562
659
1012
730
87
962
704
814
216
102
397
95
417
327
823
414
702
377
749
879
153
1013
127
563
487
553
706
656
261
168
718
618
356
820
100
46
541
117
513
244
133
270
4
278
882
42
372
567
145
13
91
264
469
585
556
106
738
793
737
998
695
1005
701
572
773
105
500
895
817
573
109
398
33
41
1007
342
861
825
416
644
54
807
492
1010
533
282
245
684
521
390
182
249
333
121
599
1008
457
123
170
320
1011
313
954
662
72
897
619
815
833
484
3
420
306
750
391
527
14
518
329
896
643
30
365
670
138
451
39
347
55
66
193
958
620
373
292
692
668
503
471
651
395
489
141
418
232
160
569
526
355
977
755
56
542
157
493
267
304
568
380
481
330
129
943
394
605
844
764
898
328
969
351
885
836
650
53
531
277
29
886
776
655
275
739
90
122
888
59
21
705
902
945
470
82
645
614
12
67
756
291
622
442
97
358
661
824
984
75
919
293
426
700
128
359
408
423
709
862
732
686
937
649
271
723
515
523
2
558
393
48
60
301
299
989
961
837
508
93
741
559
22
744
176
338
791
139
233
727
678
792
51
965
834
944
583
612
575
143
37
334
436
337
845
838
70
409
805
889
940
8
318
673
997
134
16
388
485
850
996
690
930
802
184
915
386
421
951
472
486
980
1001
679
120
461
880
529
870
404
384
799
475
62
913
191
633
680
999
596
910
268
364
1009
85
24
627
296
929
555
52
350
108
65
783
180
734
444
784
607
315
665
772
528
312
38
794
147
546
274
283
725
490
801
635
494
316
290
790
465
891
905
963
934
803
733
610
517
939
992
387
949
224
286
151
864
601
830
579
956
909
991
746
166
736
525
854
967
379
482
368
981
868
502
94
381
757
86
266
632
1016
917
510
227
920
491
759
557
849
745
589
352
57
479
439
729
200
164
19
218
77
625
363
782
970
985
466
20
205
179
634
923
647
872
804
537
550
496
687
629
107
637
899
827
777
276
721
972
505
544
198
402
843
671
477
210
938
858
189
437
648
818
467
61
215
208
847
504
435
724
933
604
399
323
302
682
1006
419
429
483
722
590
716
726
653
766
114
202
26
156
703
44
874
922
272
174
638
798
506
401
613
468
636
239
564
676
581
431
628
911
433
955
154
819
250
443
626
220
464
383
10
900
257
206
507
25
957
603
73
354
936
258
615
664
405
855
150
374
860
449
597
459
236
811
863
203
571
188
594
552
942
883
787
530
514
728
501
584
367
698
58
760
213
11
903
693
310
158
18
165
495
894
284
551
696
767
1014
901
303
349
406
185
452
183
101
566
778
916
28
691
36
339
240
1003
971
609
295
873
34
309
497
132
204
474
797
697
463
346
810
582
543
624
893
908
592
892
1015
146
846
178
848
685
415
731
598
171
297
519
255
370
392
187
336
931
616
735
639
126
672
228
710
223
758
389
786
548
222
654
488
829
577
211
15
155
979
907
281
941
720
752
586
446
595
774
499
835
473
717
212
410
990
859
539
89
828
311
177
287
140
666
565
657
498
948
32
851
197
362
9
80
125
675
983
71
966
407
424
209
326
535
932
591
254
935
630
251
914
549
642
751
455
580
842
219
241
681
478
335
812
800
238
608
217
321
789
813
131
1000
324
524
714
926
768
460
159
669
588
371
952
360
761
968
994
441
234
953
396
753
181
186
64
172
689
631
231
199
289
430
974
285
982
925
1002
214
63
640
298
76
1004
884
252
561
403
816
740
294
674
96
663
142
765
866
343
322
378
237
988
743
111
747
754
779
247
821
712
300
742
578
785
201
711
593
124
715
993
450
400
762
445
995
438
623
169
344
229
207
167
221
769
99
719
602
924
986
708
135
279
115
413
27
260
118
425
918
617
876
173
78
369
796
871
806
246
194
130
92
440
