398
413
163
230
142
380
184
250
209
323
410
299
245
145
374
174
283
213
397
54
225
119
325
369
208
106
180
348
135
224
85
346
284
96
97
37
233
164
359
267
130
160
329
393
120
8
62
91
253
352
46
4
302
14
368
216
137
344
228
15
271
24
35
93
36
276
217
259
127
314
211
151
173
417
86
193
296
356
104
23
255
200
110
182
158
18
140
286
392
25
138
350
76
416
101
361
52
266
9
17
234
308
301
122
288
221
136
235
1
68
107
139
321
58
354
128
7
170
56
249
370
179
99
121
260
212
274
355
219
199
165
188
409
347
183
389
319
44
175
246
13
27
236
147
363
115
185
92
42
65
386
214
207
153
218
407
125
360
33
84
376
401
198
242
270
285
305
38
190
73
155
264
6
166
232
390
313
89
263
306
281
186
415
81
399
405
294
373
231
303
192
333
384
171
404
240
149
60
114
241
197
148
262
69
177
341
332
118
210
331
337
78
324
254
316
201
112
381
55
187
61
244
3
206
57
357
342
70
293
159
95
351
300
279
150
49
20
156
109
371
383
169
385
204
418
256
290
51
388
229
111
298
