0	2	0	5
0	3	0	5
0	5	0	10
0	7	0	10
0	10	0	10
1	3	0	2
1	4	8	10
1	8	0	10
1	11	0	10
1	14	0	10
1	15	0	10
2	0	0	10
2	3	6	10
2	9	0	10
2	1	0	2
2	11	0	10
2	4	0	10
3	0	0	10
3	2	0	10
3	5	8	10
3	7	0	10
3	8	0	10
3	10	0	10
3	14	0	10
3	11	0	10
5	10	0	10
5	15	0	3
6	7	0	10
6	9	0	10
6	11	6	10
7	8	0	10
7	5	0	10
7	14	0	10
8	13	0	10
8	6	7	10
8	10	3	5
8	16	0	10
8	15	0	10
9	3	0	10
9	4	3	4
9	8	0	10
9	13	0	10
10	9	0	10
10	13	0	10
11	0	0	10
11	1	7	10
11	3	0	10
11	8	0	10
11	11	0	10
11	15	0	10
11	16	0	10
12	0	0	10
12	5	5	10
12	8	0	10
12	10	0	10
13	2	3	8
13	5	0	10
13	8	0	10
13	7	0	10
13	10	5	6
13	14	0	10
14	16	0	10
14	1	0	10
14	7	0	10
14	13	0	10
15	4	0	10
15	5	0	10
16	10	5	8
16	12	3	7
16	8	5	10
